%YAML:1.0
---
model_type: PINHOLE
camera_name: camera
image_width: 1280
image_height: 720
distortion_parameters:
   k1: 0
   k2: 0
   p1: 0
   p2: 0
projection_parameters:
   fx: 668.5076904296875
   fy: 668.5076904296875
   cx: 683.3524780273438
   cy: 373.4369812011719
