%YAML:1.0
---
model_type: PINHOLE
camera_name: camera
image_width: 640
image_height: 422
distortion_parameters:
   k1: -0.221197634571653
   k2: 0.09850809661213519
   p1: 0
   p2: 0
projection_parameters:
   fx: 433.854392971913
   fy: 431.847812567892
   cx: 311.933294121642
   cy: 220.25735009672