%YAML:1.0
---
model_type: PINHOLE
camera_name: camera
image_width: 960
image_height: 604
distortion_parameters:
   k1: -0.300021351338835
   k2: 0.178425245713208
   p1: 0
   p2: 0
projection_parameters:
   fx: 918.360165765321
   fy: 916.33382965125
   cx: 491.577227643437
   cy: 321.06530759765
